matrix A = 
[ 3.25  6.13  3.18  7.68  9.06]
[ 5.45  1.66  6.79  6.65  4.25]
[ 4.46  8.26  7.87  7.88  1.89]
[ 1.46  8.51  8.51  3.51  1.44]
[ 1.59  7.16  4.4   3.31  1.97]

matrix B = 
[ 3.25  6.13  3.18  7.68  9.06]
[ 5.45  1.66  6.79  6.65  4.25]
[ 4.46  8.26  7.87  7.88  1.89]
[ 1.46  8.51  8.51  3.51  1.44]
[ 1.59  7.16  4.4   3.31  1.97]

matrix C = 
[  83.772   186.5915  182.2051  147.7283   90.4151]
[  73.5094  179.271   157.3312  143.8092   87.2136]
[ 109.1221  186.6488  207.5799  185.1121  105.4574]
[  96.4933  133.5495  165.6055  151.9496   73.3702]
[  71.7784  100.2496  125.1367  112.636    61.7987]